10
12
11 61
24 94
0 12
11 56
100 21
67 32
10 1
101 0
99 49
94 52
17 34
80 104
12
75 22
39 112
101 5
60 12
86 80
78 79
44 78
128 84
27 123
67 120
116 47
70 43
12
123 64
33 59
68 101
98 125
77 141
4 111
32 109
93 33
14 76
74 60
100 9
124 28
12
104 83
32 139
134 42
60 24
99 27
60 31
116 3
117 122
130 12
130 19
101 8
113 8
12
43 43
27 91
13 3
113 108
29 47
137 128
50 63
120 24
32 93
97 6
6 62
128 143
12
84 33
146 15
40 147
21 98
1 13
19 118
58 49
103 20
125 28
139 99
52 33
71 62
12
68 89
70 148
0 129
96 82
120 88
95 48
106 23
10 28
106 82
103 125
108 130
25 71
12
59 25
117 91
140 136
6 114
100 98
127 8
128 15
137 73
104 128
148 125
41 103
134 86
12
9 82
113 76
100 79
48 109
53 25
23 68
25 120
123 132
76 92
47 133
88 19
39 18
12
90 32
82 92
122 62
57 122
110 88
94 29
10 116
34 91
103 71
39 144
40 132
64 98
